11 11 11 11 11 11 11 11 11 11 11 11 11 11 11 11 11 72 72 72 72 72 72 72 72 72 72 72 72
11 11 11 11 11 11 11 11 11 11 11 11 11 11 11 11 11 72 72 72 00 00 00 00 00 00 00 00 00
11 11 11 11 11 11 11 11 11 11 11 11 11 11 11 11 11 72 72 00 00 00 00 00 00 00 00 00 00
11 11 11 11 11 11 11 11 11 11 11 11 11 11 11 11 11 72 00 00 00 00 00 00 00 00 00 00 00
11 11 11 11 11 11 11 11 11 11 11 11 11 11 11 11 11 00 00 00 00 00 00 00 00 00 00 00 00
11 11 11 11 11 11 11 11 11 11 11 11 11 11 11 11 11 00 00 00 00 00 00 00 00 00 00 00 00
11 11 11 11 11 11 11 00 00 00 00 00 00 00 00 00 00 00 00 00 00 00 00 00 00 00 00 00 00
11 11 11 11 11 11 11 33 02 02 02 02 02 02 02 02 02 00 00 00 00 00 00 00 00 00 00 00 00
11 11 11 11 11 11 11 33 11 11 11 11 11 11 11 11 11 00 00 00 00 00 00 00 00 00 00 00 00
11 11 11 11 11 11 11 33 11 11 11 11 11 11 11 11 11 00 00 00 00 00 00 00 00 00 00 00 00
11 11 11 11 11 11 11 33 11 11 11 11 11 11 11 11 11 00 00 00 00 00 00 00 00 00 00 00 00
11 11 11 11 11 11 11 33 11 11 11 11 11 11 11 11 11 00 00 00 00 00 00 00 00 00 00 00 00
11 11 11 11 11 11 11 33 11 11 11 11 11 11 11 11 11 00 00 00 00 00 00 00 00 00 00 00 00
11 11 11 11 11 11 11 33 11 35 11 11 11 11 11 11 11 00 00 00 00 00 00 00 00 00 00 00 00
11 11 12 00 00 00 00 00 00 00 00 00 00 00 00 00 00 00 00 00 00 00 00 00 00 00 00 00 00
11 12 00 00 18 00 00 00 00 00 00 00 00 00 00 00 00 00 00 00 00 00 00 00 00 00 00 00 00
11 00 00 00 00 00 18 00 00 00 00 00 00 00 00 00 00 00 00 00 00 00 00 00 00 00 00 00 00
11 00 00 00 18 00 00 00 18 00 00 00 00 00 00 00 00 00 00 00 00 00 00 00 00 00 00 00 00
11 00 00 00 00 00 18 00 00 00 00 00 00 00 00 00 00 00 00 00 00 00 00 00 00 00 00 00 00
11 03 00 00 18 00 00 00 00 00 00 00 00 00 00 00 00 00 00 00 00 00 00 00 00 00 00 00 00
11 11 03 00 00 00 00 00 00 00 00 00 00 00 00 00 00 00 00 00 00 00 00 00 00 00 00 00 00
11 11 11 02 02 02 02 02 02 02 02 02 02 02 02 02 02 00 00 00 00 00 00 00 00 00 00 00 00
72 00 00 00 00 00 00 00 00 00 00 00 00 00 00 00 00 00 00 00 00 00 00 00 00 00 00 00 00
72 00 00 00 00 00 00 00 00 00 00 00 00 00 00 00 00 00 00 72 00 00 00 00 00 00 00 00 00
72 00 00 00 00 00 00 00 00 00 00 00 00 00 00 00 00 00 72 72 72 00 00 00 00 00 00 00 00
72 00 00 00 00 00 00 00 00 00 00 00 00 00 00 00 00 72 72 72 72 72 00 00 00 00 00 00 00
72 00 00 00 00 00 00 00 00 00 00 00 00 00 00 00 00 00 00 00 00 00 00 00 00 00 00 00 00
